Range	Elev	dElev	dT	t
600	1495	2	0.6	35.4
700	1477	2	0.6	35.3
800	1459	2	0.6	35.2
900	1440	2	0.6	35.1
1000	1422	3	0.6	35
1100	1403	3	0.6	34.9
1200	1383	3	0.6	34.8
1300	1364	4	0.6	34.6
1400	1344	4	0.7	34.5
1500	1323	5	0.7	34.3
1600	1302	5	0.7	34.1
1700	1280	6	0.7	33.8
1800	1258	7	0.7	33.6
1900	1235	7	0.7	33.3
2000	1210	8	0.7	33
2100	1185	9	0.8	32.7
2200	1158	10	0.8	32.3
2300	1130	12	0.8	31.9
2400	1099	13	0.9	31.4
2500	1065	16	1	30.8
2600	1028	19	1	30.2
2700	984	25	1.2	29.4
2800	929	35	1.4	28.3
2900	838	68	2.3	26.3
