Range	Elev	dElev	dT	t
800	1504	1	0.5	43.5
900	1492	1	0.5	43.5
1000	1480	1	0.5	43.4
1100	1468	1	0.5	43.3
1200	1455	1	0.5	43.3
1300	1443	2	0.5	43.2
1400	1430	2	0.5	43.1
1500	1417	2	0.5	43
1600	1404	2	0.5	42.9
1700	1391	2	0.5	42.8
1800	1377	2	0.5	42.7
1900	1364	3	0.5	42.6
2000	1350	3	0.5	42.4
2100	1336	3	0.6	42.3
2200	1322	3	0.6	42.1
2300	1308	3	0.6	41.9
2400	1293	4	0.6	41.8
2500	1278	4	0.6	41.6
2600	1263	4	0.6	41.4
2700	1247	4	0.6	41.1
2800	1230	5	0.6	40.9
2900	1214	5	0.6	40.7
3000	1197	6	0.6	40.4
3100	1179	6	0.6	40.1
3200	1160	7	0.7	39.8
3300	1141	7	0.7	39.4
3400	1121	8	0.7	39.1
3500	1099	9	0.7	38.6
3600	1077	10	0.8	38.2
3700	1053	11	0.8	37.7
3800	1027	13	0.9	37.1
3900	997	15	0.9	36.5
4000	965	18	1	35.7
4100	926	23	1.2	34.7
4200	875	34	1.5	33.4
