Range	Elev	dElev	dT	t
1000	1502	1	0.5	48.5
1100	1492	1	0.5	48.4
1200	1482	1	0.5	48.4
1300	1471	1	0.5	48.3
1400	1461	1	0.5	48.3
1500	1451	1	0.5	48.2
1600	1441	1	0.5	48.1
1700	1430	1	0.5	48
1800	1419	1	0.5	48
1900	1409	2	0.5	47.9
2000	1398	2	0.5	47.8
2100	1387	2	0.5	47.7
2200	1376	2	0.5	47.6
2300	1365	2	0.5	47.4
2400	1354	2	0.5	47.3
2500	1342	2	0.5	47.2
2600	1331	2	0.5	47
2700	1319	3	0.5	46.9
2800	1307	3	0.5	46.7
2900	1295	3	0.5	46.6
3000	1282	3	0.5	46.4
3100	1270	3	0.5	46.2
3200	1257	3	0.6	46
3300	1244	4	0.5	45.8
3400	1230	4	0.5	45.6
3500	1216	4	0.6	45.4
3600	1202	4	0.6	45.1
3700	1188	5	0.6	44.9
3800	1173	5	0.6	44.6
3900	1157	5	0.6	44.3
4000	1141	6	0.6	44
4100	1125	6	0.6	43.6
4200	1108	7	0.7	43.3
4300	1089	7	0.7	42.9
4400	1071	8	0.7	42.5
4500	1050	9	0.7	42
4600	1029	10	0.8	41.5
4700	1006	11	0.8	40.9
4800	981	13	0.9	40.3
4900	952	16	1	39.5
5000	919	19	1.1	38.6
5100	877	26	1.3	37.4
5200	812	47	2.1	35.3
