Range	Elev	dElev	dT	t
800	1500	1	0.5	42.5
900	1487	1	0.5	42.4
1000	1475	1	0.5	42.4
1100	1462	1	0.5	42.3
1200	1449	2	0.5	42.2
1300	1435	2	0.5	42.2
1400	1422	2	0.5	42.1
1500	1409	2	0.5	42
1600	1395	2	0.5	41.9
1700	1381	2	0.5	41.7
1800	1367	3	0.6	41.6
1900	1353	3	0.6	41.5
2000	1338	3	0.6	41.3
2100	1323	3	0.6	41.2
2200	1308	4	0.6	41
2300	1293	4	0.6	40.8
2400	1277	4	0.6	40.6
2500	1261	4	0.6	40.4
2600	1245	5	0.6	40.2
2700	1228	5	0.6	39.9
2800	1210	5	0.6	39.7
2900	1192	6	0.6	39.4
3000	1173	7	0.7	39.1
3100	1154	7	0.7	38.7
3200	1133	8	0.7	38.4
3300	1112	9	0.7	38
3400	1089	10	0.8	37.6
3500	1065	11	0.8	37.1
3600	1039	13	0.9	36.5
3700	1010	15	0.9	35.9
3800	977	18	1	35.2
3900	939	23	1.2	34.2
4000	890	31	1.4	33
