Range	Elev	dElev	dT	t
900	1504	1	0.5	46.4
1000	1494	1	0.5	46.4
1100	1483	1	0.5	46.3
1200	1472	1	0.5	46.3
1300	1461	1	0.5	46.2
1400	1449	1	0.5	46.1
1500	1438	1	0.5	46.1
1600	1427	2	0.5	46
1700	1415	2	0.5	45.9
1800	1404	2	0.5	45.8
1900	1392	2	0.5	45.7
2000	1380	2	0.5	45.6
2100	1368	2	0.5	45.5
2200	1356	2	0.5	45.3
2300	1344	3	0.5	45.2
2400	1331	3	0.5	45
2500	1319	3	0.5	44.9
2600	1306	3	0.5	44.7
2700	1292	3	0.5	44.6
2800	1279	3	0.5	44.4
2900	1265	4	0.6	44.2
3000	1251	4	0.6	44
3100	1237	4	0.6	43.8
3200	1222	4	0.6	43.5
3300	1207	5	0.6	43.3
3400	1192	5	0.6	43
3500	1176	5	0.6	42.7
3600	1159	6	0.6	42.4
3700	1142	6	0.6	42.1
3800	1124	7	0.7	41.7
3900	1105	7	0.7	41.4
4000	1086	8	0.7	41
4100	1065	9	0.7	40.5
4200	1043	10	0.8	40
4300	1019	12	0.8	39.4
4400	992	13	0.9	38.8
4500	963	16	1	38.1
4600	929	20	1.1	37.2
4700	886	27	1.3	36
4800	820	48	2	34.1
