Range	Elev	dElev	dT	t
600	1501	1	0.6	36.5
700	1484	2	0.6	36.5
800	1467	2	0.6	36.4
900	1450	2	0.6	36.3
1000	1432	2	0.6	36.2
1100	1415	3	0.6	36.1
1200	1397	3	0.6	36
1300	1378	3	0.6	35.8
1400	1360	4	0.6	35.7
1500	1341	4	0.6	35.5
1600	1321	5	0.6	35.4
1700	1301	5	0.7	35.2
1800	1281	6	0.7	34.9
1900	1260	6	0.7	34.7
2000	1238	7	0.7	34.4
2100	1215	7	0.7	34.2
2200	1192	8	0.7	33.8
2300	1167	9	0.8	33.5
2400	1140	11	0.8	33.1
2500	1112	12	0.8	32.6
2600	1082	14	0.9	32.1
2700	1049	16	1	31.5
2800	1011	20	1.1	30.8
2900	967	26	1.2	30
3000	909	38	1.5	28.7

