Range	Elev	dElev	dT	t
700	1510	1	0.5	41.8
800	1497	1	0.5	41.8
900	1484	1	0.5	41.7
1000	1470	1	0.5	41.6
1100	1457	2	0.5	41.6
1200	1443	2	0.5	41.5
1300	1430	2	0.5	41.4
1400	1416	2	0.5	41.3
1500	1402	2	0.6	41.2
1600	1388	2	0.6	41.1
1700	1373	3	0.6	40.9
1800	1359	3	0.6	40.8
1900	1344	3	0.6	40.7
2000	1329	3	0.6	40.5
2100	1313	4	0.6	40.3
2200	1298	4	0.6	40.2
2300	1282	4	0.6	40
2400	1265	4	0.6	39.8
2500	1248	5	0.6	39.5
2600	1231	5	0.6	39.3
2700	1213	6	0.6	39
2800	1194	6	0.7	38.7
2900	1175	7	0.7	38.4
3000	1155	8	0.7	38.1
3100	1134	8	0.7	37.7
3200	1111	9	0.8	37.3
3300	1088	10	0.8	36.9
3400	1063	11	0.8	36.4
3500	1035	13	0.9	35.8
3600	1005	16	0.9	35.2
3700	971	19	1.1	34.4
3800	930	25	1.2	33.4
3900	874	37	1.6	32	
