Range	Elev	dElev	dT	t
1300	1510	0	0.4	59.2
1400	1503	0	0.4	59.1
1500	1496	1	0.4	59.1
1600	1488	1	0.4	59
1700	1481	1	0.4	59
1800	1474	1	0.4	58.9
1900	1467	1	0.4	58.9
2000	1459	1	0.4	58.8
2100	1452	1	0.4	58.8
2200	1445	1	0.4	58.7
2300	1437	1	0.4	58.6
2400	1430	1	0.4	58.6
2500	1422	1	0.4	58.5
2600	1415	1	0.4	58.4
2700	1407	1	0.4	58.3
2800	1399	1	0.4	58.3
2900	1392	1	0.4	58.2
3000	1384	1	0.4	58.1
3100	1376	1	0.4	58
3200	1368	1	0.4	57.9
3300	1360	1	0.4	57.8
3400	1352	1	0.4	57.7
3500	1344	1	0.4	57.5
3600	1336	2	0.4	57.4
3700	1327	2	0.4	57.3
3800	1319	2	0.4	57.2
3900	1310	2	0.4	57
4000	1302	2	0.4	56.9
4100	1293	2	0.4	56.8
4200	1284	2	0.4	56.6
4300	1275	2	0.5	56.5
4400	1266	2	0.5	56.3
4500	1257	2	0.5	56.1
4600	1247	2	0.5	56
4700	1238	2	0.5	55.8
4800	1228	2	0.5	55.6
4900	1218	3	0.5	55.4
5000	1209	3	0.5	55.2
5100	1198	3	0.5	55
5200	1188	3	0.5	54.7
5300	1177	3	0.5	54.5
5400	1166	3	0.5	54.2
5500	1156	3	0.5	54
5600	1144	4	0.5	53.7
5700	1132	4	0.5	53.4
5800	1121	4	0.5	53.1
5900	1108	4	0.6	52.8
6000	1096	5	0.6	52.5
6100	1083	5	0.6	52.1
6200	1069	5	0.6	51.8
6300	1055	6	0.6	51.4
6400	1040	6	0.6	51
6500	1025	6	0.6	50.5
6600	1009	7	0.7	50
6700	992	8	0.7	49.5
6800	973	8	0.7	49
6900	954	10	0.8	48.3
7000	932	11	0.8	47.6
7100	908	12	0.9	46.8
7200	880	15	1	45.8
7300	846	20	1.2	44.6
