Range	Elev	dElev	dT	t
1000	1505	1	0.5	49.4
1100	1495	1	0.5	49.3
1200	1485	1	0.5	49.3
1300	1476	1	0.5	49.3
1400	1466	1	0.5	49.2
1500	1456	1	0.5	49.1
1600	1446	1	0.5	49
1700	1436	1	0.5	49
1800	1425	1	0.5	48.9
1900	1415	1	0.5	48.8
2000	1405	2	0.5	48.7
2100	1394	2	0.5	48.6
2200	1384	2	0.5	48.5
2300	1373	2	0.5	48.4
2400	1362	2	0.5	48.3
2500	1351	2	0.5	48.2
2600	1340	2	0.5	48
2700	1329	2	0.5	47.9
2800	1317	2	0.5	47.7
2900	1306	3	0.5	47.6
3000	1294	3	0.5	47.4
3100	1282	3	0.5	47.2
3200	1270	3	0.5	47.1
3300	1257	3	0.5	46.9
3400	1244	3	0.5	46.7
3500	1231	4	0.5	46.5
3600	1218	4	0.6	46.2
3700	1205	4	0.6	46
3800	1191	4	0.6	45.7
3900	1176	5	0.6	45.5
4000	1161	5	0.6	45.2
4100	1146	5	0.6	44.9
4200	1130	6	0.6	44.5
4300	1114	6	0.6	44.2
4400	1096	7	0.7	43.8
4500	1078	7	0.7	43.4
4600	1059	8	0.7	43
4700	1039	9	0.8	42.5
4800	1018	10	0.8	42
4900	994	11	0.8	41.4
5000	969	14	0.9	40.7
5100	940	16	1	39.9
5200	906	20	1.1	38.9
5300	861	29	1.5	37.6	
