Range	Elev	dElev	dT	t
800	1501	1	0.5	42.7
900	1488	1	0.5	42.7
1000	1476	1	0.5	42.6
1100	1463	1	0.5	42.5
1200	1450	2	0.5	42.5
1300	1437	2	0.5	42.4
1400	1424	2	0.5	42.3
1500	1410	2	0.5	42.2
1600	1397	2	0.5	42.1
1700	1383	2	0.5	42
1800	1369	3	0.6	41.8
1900	1355	3	0.5	41.7
2000	1341	3	0.5	41.6
2100	1326	3	0.6	41.4
2200	1312	4	0.6	41.2
2300	1296	4	0.6	41
2400	1281	4	0.6	40.9
2500	1265	4	0.6	40.7
2600	1249	5	0.6	40.4
2700	1232	5	0.6	40.2
2800	1215	5	0.6	39.9
2900	1197	6	0.6	39.7
3000	1179	6	0.7	39.4
3100	1160	7	0.7	39.1
3200	1140	7	0.7	38.7
3300	1119	8	0.7	38.3
3400	1096	9	0.7	37.9
3500	1073	11	0.8	37.4
3600	1048	12	0.8	36.9
3700	1020	14	0.9	36.3
3800	989	16	1	35.6
3900	954	20	1.1	34.8
4000	910	27	1.3	33.7
4100	847	44	1.8	32
