Range	Elev	dElev	dT	t
600	1507	1	0.6	37.7
700	1491	1	0.6	37.7
800	1475	2	0.6	37.6
900	1459	2	0.6	37.5
1000	1442	2	0.6	37.4
1100	1426	2	0.6	37.3
1200	1409	3	0.6	37.2
1300	1392	3	0.6	37.1
1400	1375	3	0.6	37
1500	1357	4	0.6	36.8
1600	1339	4	0.6	36.7
1700	1321	4	0.6	36.5
1800	1302	5	0.6	36.3
1900	1283	5	0.6	36.1
2000	1263	6	0.7	35.8
2100	1242	6	0.7	35.6
2200	1221	7	0.7	35.3
2300	1199	8	0.7	35
2400	1176	8	0.7	34.7
2500	1152	9	0.8	34.3
2600	1126	11	0.8	33.9
2700	1098	12	0.8	33.5
2800	1068	14	0.9	32.9
2900	1036	16	1	32.3
3000	999	20	1.1	31.6
3100	954	27	1.3	30.7
3200	896	38	1.6	29.4
