Range	Elev	dElev	dT	t
600	1507	1	0.6	37.9
700	1492	1	0.6	37.8
800	1476	2	0.6	37.8
900	1460	2	0.6	37.7
1000	1444	2	0.6	37.6
1100	1427	2	0.6	37.5
1200	1411	3	0.6	37.4
1300	1394	3	0.6	37.3
1400	1377	3	0.6	37.1
1500	1359	4	0.6	37
1600	1341	4	0.6	36.8
1700	1323	4	0.6	36.7
1800	1305	5	0.6	36.5
1900	1286	5	0.6	36.3
2000	1266	6	0.7	36
2100	1246	6	0.7	35.8
2200	1225	7	0.7	35.5
2300	1203	7	0.7	35.2
2400	1180	8	0.7	34.9
2500	1157	9	0.8	34.5
2600	1131	10	0.8	34.1
2700	1105	12	0.8	33.7
2800	1075	14	0.9	33.2
2900	1044	16	0.9	32.6
3000	1008	19	1	31.9
3100	966	24	1.2	31.1
3200	913	34	1.4	29.9
3300	822	69	2.4	27.7
