Range	Elev	dElev	dT	t
1000	1510	1	0.4	50.9
1100	1500	1	0.4	50.8
1200	1491	1	0.5	50.8
1300	1482	1	0.5	50.7
1400	1473	1	0.5	50.6
1500	1463	1	0.5	50.6
1600	1454	1	0.5	50.5
1700	1444	1	0.5	50.5
1800	1435	1	0.5	50.4
1900	1425	1	0.5	50.3
2000	1415	1	0.5	50.2
2100	1405	1	0.5	50.1
2200	1395	2	0.5	50
2300	1385	2	0.5	49.9
2400	1375	2	0.5	49.8
2500	1365	2	0.5	49.7
2600	1354	2	0.5	49.6
2700	1344	2	0.5	49.5
2800	1333	2	0.5	49.3
2900	1322	2	0.5	49.2
3000	1311	2	0.5	49
3100	1300	3	0.5	48.9
3200	1289	3	0.5	48.7
3300	1277	3	0.5	48.6
3400	1265	3	0.5	48.4
3500	1254	3	0.5	48.2
3600	1241	3	0.5	48
3700	1229	3	0.5	47.8
3800	1216	4	0.5	47.5
3900	1203	4	0.5	47.3
4000	1190	4	0.6	47.1
4100	1176	4	0.6	46.8
4200	1162	5	0.6	46.5
4300	1148	5	0.6	46.2
4400	1133	5	0.6	45.9
4500	1117	6	0.6	45.6
4600	1101	6	0.6	45.2
4700	1084	7	0.6	44.8
4800	1066	7	0.7	44.4
4900	1047	8	0.7	43.9
5000	1028	9	0.7	43.4
5100	1006	10	0.8	42.9
5200	983	12	0.9	42.3
5300	958	13	0.9	41.6
5400	929	16	1	40.7
5500	894	20	1.1	39.7
5600	849	30	1.5	38.3
