Range	Elev	dElev	dT	t
900	1507	1	0.5	47.2
1000	1497	1	0.5	47.1
1100	1486	1	0.5	47.1
1200	1475	1	0.5	47
1300	1465	1	0.5	47
1400	1454	1	0.5	46.9
1500	1443	1	0.5	46.8
1600	1432	1	0.5	46.8
1700	1421	2	0.5	46.7
1800	1410	2	0.5	46.6
1900	1398	2	0.5	46.5
2000	1387	2	0.5	46.4
2100	1375	2	0.5	46.3
2200	1364	2	0.5	46.1
2300	1352	2	0.5	46
2400	1340	2	0.5	45.9
2500	1328	3	0.5	45.7
2600	1315	3	0.5	45.6
2700	1302	3	0.5	45.4
2800	1290	3	0.5	45.2
2900	1276	3	0.5	45.1
3000	1263	3	0.5	44.9
3100	1249	4	0.6	44.7
3200	1236	4	0.6	44.4
3300	1221	4	0.6	44.2
3400	1206	5	0.6	44
3500	1191	5	0.6	43.7
3600	1176	5	0.6	43.4
3700	1160	6	0.6	43.1
3800	1143	6	0.6	42.8
3900	1126	6	0.6	42.5
4000	1108	7	0.7	42.1
4100	1089	8	0.7	41.7
4200	1069	9	0.7	41.2
4300	1047	9	0.7	40.8
4400	1024	11	0.8	40.2
4500	999	13	0.9	39.6
4600	972	15	0.9	38.9
4700	940	18	1.1	38.1
4800	903	23	1.2	37.1
4900	852	34	1.6	35.6
