Range	Elev	dElev	dT	t
700	1498	1	0.6	39.1
800	1483	1	0.6	39
900	1468	2	0.6	38.9
1000	1453	2	0.6	38.8
1100	1437	2	0.6	38.8
1200	1422	2	0.6	38.7
1300	1406	3	0.6	38.5
1400	1390	3	0.6	38.4
1500	1374	3	0.6	38.3
1600	1357	3	0.6	38.2
1700	1341	4	0.6	38
1800	1323	4	0.6	37.8
1900	1306	4	0.6	37.6
2000	1288	5	0.6	37.4
2100	1269	5	0.6	37.2
2200	1250	6	0.7	37
2300	1231	6	0.7	36.7
2400	1211	7	0.7	36.5
2500	1190	7	0.7	36.2
2600	1167	8	0.7	35.8
2700	1144	9	0.7	35.5
2800	1120	10	0.8	35
2900	1094	11	0.8	34.6
3000	1065	13	0.9	34.1
3100	1034	15	0.9	33.5
3200	1000	18	1	32.8
3300	959	24	1.2	31.9
3400	907	33	1.5	30.7
3500	816	70	2.5	28.5
