Range	Elev	dElev	dT	t
500	1509	1	0.6	34.7
600	1490	2	0.6	34.6
700	1471	2	0.6	34.5
800	1453	2	0.6	34.4
900	1433	3	0.6	34.3
1000	1414	3	0.6	34.2
1100	1394	4	0.6	34.1
1200	1374	4	0.7	34
1300	1353	4	0.7	33.8
1400	1332	5	0.7	33.6
1500	1310	5	0.7	33.4
1600	1288	6	0.7	33.2
1700	1265	7	0.7	33
1800	1241	7	0.7	32.7
1900	1216	8	0.8	32.4
2000	1190	9	0.8	32
2100	1162	11	0.8	31.7
2200	1133	12	0.8	31.3
2300	1101	14	0.9	30.8
2400	1066	17	1	30.2
2500	1027	21	1.1	29.5
2600	981	26	1.2	28.7
2700	922	38	1.5	27.5
2800	805	93	2.8	24.9	
