Range	Elev	dElev	dT	t
6900	1241	1	0.4	71.2
7000	1234	1	0.4	71
7100	1228	1	0.4	70.8
7200	1221	1	0.4	70.7
7300	1214	1	0.4	70.5
7400	1207	1	0.4	70.3
7500	1201	2	0.4	70.1
7600	1194	2	0.4	70
7700	1187	2	0.4	69.8
7800	1179	2	0.4	69.6
7900	1172	2	0.4	69.4
8000	1165	2	0.4	69.1
8100	1157	2	0.4	68.9
8200	1150	2	0.4	68.7
8300	1142	2	0.4	68.5
8400	1134	2	0.4	68.2
8500	1126	2	0.4	68
8600	1118	2	0.4	67.7
8700	1110	2	0.4	67.5
8800	1102	2	0.4	67.2
8900	1093	2	0.5	66.9
9000	1085	3	0.5	66.7
9100	1076	3	0.5	66.4
9200	1067	3	0.5	66.1
9300	1057	3	0.5	65.7
9400	1048	3	0.5	65.4
9500	1038	3	0.5	65.1
9600	1028	3	0.5	64.7
9700	1018	3	0.5	64.3
9800	1007	4	0.5	63.9
9900	996	4	0.5	63.5
10000	985	4	0.5	63.1
10100	973	5	0.6	62.6
10200	961	5	0.6	62.1
10300	948	5	0.6	61.6
10400	935	5	0.6	61.1
10500	921	6	0.6	60.5
10600	905	6	0.7	59.9
10700	889	7	0.7	59.2
10800	872	8	0.7	58.4
10900	852	9	0.8	57.5
11000	830	11	0.9	56.5
11100	803	14	1.1	55.3
