Range	Elev	dElev	dT	t
4300	1242	3	0.5	53.3
4400	1232	3	0.5	53.1
4500	1222	3	0.5	52.9
4600	1211	3	0.5	52.7
4700	1200	3	0.5	52.5
4800	1189	3	0.5	52.2
4900	1177	3	0.5	52
5000	1165	4	0.5	51.7
5100	1153	4	0.5	51.5
5200	1141	4	0.5	51.2
5300	1128	4	0.6	50.9
5400	1115	5	0.6	50.6
5500	1102	5	0.6	50.2
5600	1088	5	0.6	49.9
5700	1073	6	0.6	49.5
5800	1058	6	0.6	49.1
5900	1042	7	0.6	48.7
6000	1026	7	0.7	48.2
6100	1008	8	0.7	47.7
6200	989	9	0.7	47.2
6300	969	10	0.8	46.6
6400	947	11	0.8	45.9
6500	923	13	0.9	45.1
6600	895	16	1	44.2
6700	861	20	1.2	43
6800	812	32	1.7	41.3
