Range	Elev	dElev	dT	t
8300	1244	1	0.4	80.8
8400	1239	1	0.4	80.7
8500	1233	1	0.4	80.5
8600	1228	1	0.4	80.4
8700	1222	1	0.4	80.2
8800	1217	1	0.4	80
8900	1211	1	0.4	79.9
9000	1206	1	0.4	79.7
9100	1200	1	0.4	79.5
9200	1194	1	0.4	79.4
9300	1189	1	0.4	79.2
9400	1183	1	0.4	79
9500	1177	1	0.4	78.8
9600	1171	1	0.4	78.6
9700	1165	1	0.4	78.4
9800	1159	1	0.4	78.2
9900	1153	1	0.4	78
10000	1146	1	0.4	77.8
10100	1140	1	0.4	77.6
10200	1134	1	0.4	77.4
10300	1127	1	0.4	77.2
10400	1121	2	0.4	77
10500	1114	2	0.4	76.7
10600	1107	2	0.4	76.5
10700	1101	2	0.4	76.2
10800	1094	2	0.4	76
10900	1087	2	0.4	75.7
11000	1080	2	0.4	75.5
11100	1072	2	0.4	75.2
11200	1065	2	0.4	74.9
11300	1057	2	0.4	74.6
11400	1050	2	0.4	74.3
11500	1042	2	0.4	74
11600	1034	2	0.4	73.7
11700	1026	2	0.4	73.3
11800	1018	2	0.5	73
11900	1009	3	0.5	72.6
12000	1000	3	0.5	72.3
12100	992	3	0.5	71.9
12200	982	3	0.5	71.5
12300	973	3	0.5	71.1
12400	963	3	0.5	70.7
12500	953	3	0.5	70.2
12600	943	3	0.5	69.8
12700	932	4	0.5	69.3
12800	921	4	0.6	68.8
12900	910	4	0.6	68.2
13000	898	5	0.6	67.6
13100	885	5	0.6	67
13200	871	5	0.6	66.4
13300	857	6	0.7	65.6
13400	841	7	0.7	64.8
13500	824	7	0.8	64
13600	805	9	0.9	63
