Range	Elev	dElev	dT	t
4300	1237	3	0.5	52.3
4400	1226	3	0.5	52.1
4500	1215	3	0.5	51.9
4600	1204	3	0.5	51.7
4700	1193	3	0.5	51.4
4800	1182	4	0.5	51.2
4900	1170	4	0.5	50.9
5000	1158	4	0.5	50.6
5100	1145	4	0.6	50.4
5200	1132	5	0.6	50.1
5300	1119	5	0.6	49.7
5400	1105	5	0.6	49.4
5500	1091	5	0.6	49
5600	1076	6	0.6	48.6
5700	1061	6	0.6	48.2
5800	1045	7	0.7	47.8
5900	1028	7	0.7	47.3
6000	1010	8	0.7	46.8
6100	990	9	0.8	46.2
6200	969	11	0.8	45.6
6300	946	12	0.9	44.8
6400	920	14	1	44
6500	890	18	1.1	43
6600	849	26	1.5	41.5
