Range	Elev	dElev	dT	t
4300	1240	3	0.5	52.8
4400	1229	3	0.5	52.6
4500	1219	3	0.5	52.4
4600	1208	3	0.5	52.2
4700	1197	3	0.5	52
4800	1185	3	0.5	51.7
4900	1174	4	0.5	51.5
5000	1162	4	0.5	51.2
5100	1149	4	0.5	50.9
5200	1137	4	0.6	50.6
5300	1124	4	0.6	50.3
5400	1110	5	0.6	50
5500	1097	5	0.6	49.6
5600	1082	5	0.6	49.3
5700	1067	6	0.6	48.9
5800	1052	6	0.6	48.5
5900	1035	7	0.7	48
6000	1018	8	0.7	47.5
6100	1000	8	0.7	47
6200	980	9	0.8	46.4
6300	958	11	0.8	45.7
6400	935	13	0.9	45
6500	908	15	1	44.1
6600	875	19	1.2	43
6700	832	28	1.5	41.5
