Range	Elev	dElev	dT	t
5300	1240	2	0.5	58.7
5400	1231	2	0.5	58.5
5500	1222	2	0.5	58.3
5600	1213	2	0.5	58.1
5700	1204	3	0.5	57.9
5800	1195	3	0.5	57.7
5900	1186	3	0.5	57.5
6000	1176	3	0.5	57.2
6100	1167	3	0.5	57
6200	1157	3	0.5	56.7
6300	1147	3	0.5	56.4
6400	1136	3	0.5	56.2
6500	1126	4	0.5	55.9
6600	1115	4	0.5	55.5
6700	1104	4	0.5	55.2
6800	1092	4	0.6	54.9
6900	1080	5	0.6	54.5
7000	1068	5	0.6	54.2
7100	1055	5	0.6	53.7
7200	1042	6	0.6	53.3
7300	1028	6	0.7	52.9
7400	1013	6	0.7	52.4
7500	998	7	0.7	51.8
7600	981	8	0.7	51.3
7700	964	9	0.8	50.6
7800	945	10	0.8	49.9
7900	923	11	0.9	49.1
8000	899	14	1	48.2
8100	871	17	1.2	47.1
8200	832	25	1.6	45.4
