Range	Elev	dElev	dT	t
6800	1239	1	0.4	68.9
6900	1232	1	0.4	68.8
7000	1226	1	0.4	68.6
7100	1219	2	0.4	68.4
7200	1212	2	0.4	68.2
7300	1205	2	0.4	68
7400	1198	2	0.4	67.8
7500	1191	2	0.4	67.7
7600	1183	2	0.4	67.4
7700	1176	2	0.4	67.2
7800	1169	2	0.4	67
7900	1161	2	0.4	66.8
8000	1153	2	0.4	66.6
8100	1145	2	0.5	66.3
8200	1137	2	0.5	66.1
8300	1129	2	0.5	65.8
8400	1121	2	0.5	65.6
8500	1113	3	0.5	65.3
8600	1104	3	0.5	65
8700	1095	3	0.5	64.7
8800	1086	3	0.5	64.4
8900	1077	3	0.5	64.1
9000	1068	3	0.5	63.8
9100	1058	3	0.5	63.4
9200	1048	3	0.5	63.1
9300	1038	4	0.5	62.7
9400	1028	4	0.5	62.3
9500	1017	4	0.5	61.9
9600	1005	4	0.6	61.5
9700	994	4	0.6	61
9800	982	5	0.6	60.5
9900	969	5	0.6	60
10000	956	6	0.6	59.5
10100	942	6	0.7	58.9
10200	927	6	0.7	58.3
10300	911	7	0.8	57.6
10400	893	8	0.8	56.8
10500	874	10	0.9	56
10600	852	12	1	54.9
10700	826	15	1.2	53.7
