Range	Elev	dElev	dT	t
6900	1238	1	0.4	70.4
7000	1231	1	0.4	70.2
7100	1225	1	0.4	70
7200	1218	1	0.4	69.9
7300	1211	1	0.4	69.7
7400	1204	2	0.4	69.5
7500	1197	2	0.4	69.3
7600	1190	2	0.4	69.1
7700	1183	2	0.4	68.9
7800	1176	2	0.4	68.7
7900	1169	2	0.4	68.5
8000	1161	2	0.4	68.3
8100	1154	2	0.4	68.1
8200	1146	2	0.4	67.8
8300	1138	2	0.4	67.6
8400	1130	2	0.4	67.4
8500	1122	2	0.4	67.1
8600	1114	2	0.4	66.9
8700	1106	2	0.4	66.6
8800	1097	2	0.5	66.3
8900	1088	3	0.5	66
9000	1079	3	0.5	65.7
9100	1070	3	0.5	65.4
9200	1061	3	0.5	65.1
9300	1051	3	0.5	64.8
9400	1042	3	0.5	64.4
9500	1032	3	0.5	64
9600	1021	4	0.5	63.7
9700	1011	4	0.5	63.3
9800	1000	4	0.5	62.9
9900	988	4	0.6	62.4
10000	976	4	0.6	62
10100	964	5	0.6	61.5
10200	951	5	0.6	60.9
10300	937	6	0.6	60.4
10400	923	6	0.7	59.8
10500	908	7	0.7	59.1
10600	891	7	0.7	58.4
10700	873	8	0.8	57.6
10800	853	10	0.9	56.7
10900	829	12	1	55.6
11000	801	16	1.2	54.3
