Range	Elev	dElev	dT	t
5400	1243	2	0.4	61.2
5500	1235	2	0.4	61
5600	1227	2	0.4	60.9
5700	1218	2	0.4	60.7
5800	1210	2	0.4	60.5
5900	1201	2	0.5	60.3
6000	1192	2	0.5	60.1
6100	1183	2	0.5	59.9
6200	1174	2	0.5	59.6
6300	1165	3	0.5	59.4
6400	1155	3	0.5	59.2
6500	1145	3	0.5	58.9
6600	1135	3	0.5	58.7
6700	1125	3	0.5	58.4
6800	1115	3	0.5	58.1
6900	1104	3	0.5	57.8
7000	1093	4	0.5	57.5
7100	1082	4	0.5	57.2
7200	1070	4	0.5	56.8
7300	1058	4	0.6	56.5
7400	1046	5	0.6	56.1
7500	1033	5	0.6	55.7
7600	1020	5	0.6	55.3
7700	1006	6	0.6	54.8
7800	992	6	0.6	54.3
7900	976	6	0.7	53.8
8000	960	7	0.7	53.3
8100	943	8	0.7	52.7
8200	924	9	0.8	52
8300	904	10	0.8	51.2
8400	880	12	0.9	50.3
8500	854	15	1.1	49.3
8600	821	19	1.2	48
