Range	Elev	dElev	dT	t
8400	1240	1	0.4	81
8500	1234	1	0.4	80.9
8600	1229	1	0.4	80.7
8700	1223	1	0.4	80.6
8800	1218	1	0.4	80.4
8900	1212	1	0.4	80.3
9000	1207	1	0.4	80.1
9100	1201	1	0.4	79.9
9200	1196	1	0.4	79.7
9300	1190	1	0.4	79.6
9400	1184	1	0.4	79.4
9500	1178	1	0.4	79.2
9600	1172	1	0.4	79
9700	1166	1	0.4	78.8
9800	1160	1	0.4	78.6
9900	1154	1	0.4	78.4
10000	1148	1	0.4	78.2
10100	1142	1	0.4	78
10200	1135	1	0.4	77.8
10300	1129	1	0.4	77.6
10400	1122	1	0.4	77.3
10500	1116	2	0.4	77.1
10600	1109	2	0.4	76.9
10700	1102	2	0.4	76.6
10800	1095	2	0.4	76.4
10900	1088	2	0.4	76.1
11000	1081	2	0.4	75.9
11100	1074	2	0.4	75.6
11200	1067	2	0.4	75.3
11300	1059	2	0.4	75
11400	1052	2	0.4	74.7
11500	1044	2	0.4	74.4
11600	1036	2	0.4	74.1
11700	1028	2	0.4	73.8
11800	1020	2	0.4	73.5
11900	1012	2	0.5	73.1
12000	1003	3	0.5	72.7
12100	994	3	0.5	72.4
12200	985	3	0.5	72
12300	976	3	0.5	71.6
12400	966	3	0.5	71.2
12500	957	3	0.5	70.7
12600	947	3	0.5	70.3
12700	936	3	0.5	69.8
12800	925	4	0.5	69.3
12900	914	4	0.6	68.8
13000	902	4	0.6	68.2
13100	890	4	0.6	67.6
13200	877	5	0.6	67
13300	863	5	0.6	66.3
13400	848	6	0.7	65.6
13500	832	7	0.7	64.8
13600	814	8	0.8	63.8
