Range	Elev	dElev	dT	t
5400	1239	2	0.4	60.3
5500	1231	2	0.4	60.2
5600	1223	2	0.4	60
5700	1214	2	0.4	59.8
5800	1205	2	0.5	59.6
5900	1196	2	0.5	59.4
6000	1187	3	0.5	59.1
6100	1178	3	0.5	58.9
6200	1169	3	0.5	58.7
6300	1159	3	0.5	58.4
6400	1149	3	0.5	58.2
6500	1139	3	0.5	57.9
6600	1129	3	0.5	57.7
6700	1119	3	0.5	57.4
6800	1108	4	0.5	57.1
6900	1097	4	0.5	56.8
7000	1086	4	0.5	56.4
7100	1074	4	0.5	56.1
7200	1062	4	0.6	55.7
7300	1049	5	0.6	55.3
7400	1036	5	0.6	54.9
7500	1023	5	0.6	54.5
7600	1009	6	0.6	54
7700	994	6	0.6	53.5
7800	979	7	0.7	53
7900	962	7	0.7	52.4
8000	944	8	0.7	51.8
8100	925	9	0.8	51.1
8200	904	11	0.9	50.3
8300	879	13	1	49.3
8400	850	17	1.2	48.2
8500	811	25	1.5	46.6
