Range	Elev	dElev	dT	t
5400	1241	2	0.4	60.8
5500	1233	2	0.4	60.6
5600	1225	2	0.4	60.4
5700	1216	2	0.4	60.2
5800	1207	2	0.5	60
5900	1199	2	0.5	59.8
6000	1190	2	0.5	59.6
6100	1181	2	0.5	59.4
6200	1171	3	0.5	59.2
6300	1162	3	0.5	58.9
6400	1152	3	0.5	58.7
6500	1142	3	0.5	58.4
6600	1132	3	0.5	58.2
6700	1122	3	0.5	57.9
6800	1111	3	0.5	57.6
6900	1101	4	0.5	57.3
7000	1089	4	0.5	57
7100	1078	4	0.5	56.6
7200	1066	4	0.5	56.3
7300	1054	4	0.6	55.9
7400	1041	5	0.6	55.5
7500	1028	5	0.6	55.1
7600	1015	5	0.6	54.7
7700	1000	6	0.6	54.2
7800	985	6	0.7	53.7
7900	969	7	0.7	53.1
8000	952	8	0.7	52.5
8100	934	9	0.8	51.9
8200	914	10	0.8	51.2
8300	892	11	0.9	50.3
8400	867	14	1	49.3
8500	836	18	1.2	48.1
