Range	Elev	dElev	dT	t
6900	1239	1	0.4	70.8
7000	1233	1	0.4	70.6
7100	1226	1	0.4	70.4
7200	1219	1	0.4	70.3
7300	1213	1	0.4	70.1
7400	1206	2	0.4	69.9
7500	1199	2	0.4	69.7
7600	1192	2	0.4	69.5
7700	1185	2	0.4	69.3
7800	1178	2	0.4	69.1
7900	1170	2	0.4	68.9
8000	1163	2	0.4	68.7
8100	1156	2	0.4	68.5
8200	1148	2	0.4	68.3
8300	1140	2	0.4	68
8400	1132	2	0.4	67.8
8500	1124	2	0.4	67.6
8600	1116	2	0.4	67.3
8700	1108	2	0.4	67
8800	1099	2	0.5	66.8
8900	1091	2	0.5	66.5
9000	1082	3	0.5	66.2
9100	1073	3	0.5	65.9
9200	1064	3	0.5	65.6
9300	1055	3	0.5	65.3
9400	1045	3	0.5	64.9
9500	1035	3	0.5	64.6
9600	1025	4	0.5	64.2
9700	1014	4	0.5	63.8
9800	1003	4	0.5	63.4
9900	992	4	0.5	63
10000	981	4	0.6	62.5
10100	969	5	0.6	62
10200	956	5	0.6	61.5
10300	943	5	0.6	61
10400	929	6	0.6	60.4
10500	914	6	0.7	59.8
10600	898	7	0.7	59.2
10700	881	8	0.8	58.4
10800	863	9	0.8	57.6
10900	841	11	0.9	56.6
11000	817	13	1	55.5
